1644566171
1644105217
1643627222
1643124035
1642630477
1642206043
1641814934
1641440687
1641122980
1640760215
1640322087
1639867523
1639427847
1638976632
1638614774
1638216375
1637815572
1637456000
1637042589
1636662240
1636222464
1635801210
1635419011
1635090339
1634734462
1634303644
1633810899
1633322371
1632783021
1632233434
1631746813
1631283510
1630814027
1630363222
1629908731
1629473173
1628995246
1628446725
1627906935
1627312151
1626888888
1626394416
1625859561
1625434427
1624899538
1624312476
1623755213
1623153127
1622493133
1621890395
1621298624
1620623128
1619883543
1619198730
1618504773
1617505684
1615923234
1615166024
1614172741
1613432696
1612319002
1611613456
1610972937
1610312386
1609537235
1608770832
1608031257
1607301798
1606515695
1605775962
1605115554
1604159759
1603110919
1602116704
1601173291
1600112004
1599101421
1598046278
1597151049
1596299850
1595493688
1594718951
1593881807
1593145047
1592451259
1591715024
1590935389
1590087269
1589197141
1588278976
1587499431
1586612568
1585674385
1584753427
1583819564
1582956454
1582016139
1581120598
1580141705
1578917645
1577907366
1576832444
1575797683
1574935298
1573929470
1572815525
1571772912
1570887106
1569924515
1568920918
1567755946
1566649549
1565577772
1564678566
1563900557
1563082543
1562126995
1561096433
1560065308
1559249925
1558316718
1557415945
1556530500
1555551663
1554526337
1553388268
1552287964
1551223061
1549954867
1548902875
1547592825
1546576456
1545419828
1544037175
1542745867
1541719424
1540760799
1539874303
1538985152
1538190550
1537406324
1536716046
1535856759
1534978668
1534212387
1533510543
1532548362
1531020059
1529742522
1528568026
1527362062
1526040612
1524837751
1523461551
1521763575
1520104117
1518478833
1517355517
1516017023
1514299135
1512246238
1510423887
1509228647
1507720944
1506285762
1504876412
1503614322
1502413589
1500929575
1499843332
1498591448
1497296643
1496172589
1494719698
1493001524
1491193054
1489246039
1487406882
1485757107
1484256310
1482849614
1481284803
1479564328
1477606399
1476097658
1474339905
1476097645
1474336126
1472552267
1470302609
1467390570
1463723524
1461207926
1458799137
1456945939
1455056472
1452271674
1449628940
1447713131
1446043037
1444163018
1442514550
1444163009
1442513928
1440222489
1437444282
1434655072
1432100417
1428258299
1425549400
1423750938
1421902923
1399883185
