1644564066
1644273943
1643910530
1643635623
1643309490
1642978103
1642709217
1642372621
1642067325
1641769579
1641485938
1641190712
1640896312
1640617950
1640311656
1639978504
1639696797
1639355847
1639036928
1638749023
1638411943
1638125519
1637788074
1637462926
1637088838
1636784253
1636502929
1636202661
1635909760
1635607166
1635280592
1634988557
1634661985
1634361388
1634081888
1633816560
1633530957
1633266731
1632953084
1632623298
1632305938
1632003615
1631732353
1631381611
1631069924
1630800162
1630455929
1630121056
1629758917
1629444692
1629152650
1628887827
1628566397
1628262420
1627930506
1627628027
1627333434
1627023856
1626734254
1626439707
1626176466
1625869310
1625585579
1625264083
1624934352
1624625639
1624253155
1623954255
1623607965
1623289422
1622925003
1622573540
1622271920
1621884941
1621550357
1621202562
1620901038
1620595320
1620302068
1619999336
1619713192
1619413542
1619071271
1618770272
1618425085
1617723023
1617382879
1617042236
1615794453
1615444546
1614751006
1614072728
1613679191
1613231812
1612838700
1612319982
1611964138
1611499215
1611057458
1610666910
1610209938
1609803469
1609474436
1609115977
1608704835
1608288034
1607861278
1607457055
1607007659
1606640932
1606219947
1605821783
1605457367
1605051012
1604372639
1603671512
1603042780
1602453830
1601931933
1601404253
1600820288
1600254419
1599687700
1599048437
1598466602
1597876358
1597365003
1596804547
1596320759
1595892230
1595286801
1594776746
1594310189
1593868661
1593376670
1592861742
1592279643
1591794645
1591279782
1590721266
1590259685
1589754220
1589229924
1588773150
1588305584
1587850093
1587483393
1587077409
1586661546
1586235810
1585861852
1585444393
1585011910
1584569590
1584095196
1583610560
1583124412
1582728740
1582309192
1581881135
1581410793
1580950888
1580485023
1579928621
1579420952
1578985163
1578552685
1578156493
1577738544
1577255880
1576764693
1576315854
1575910064
1575473632
1575002892
1574515361
1574021816
1573451088
1572918167
1572477131
1571940833
1571438403
1570875421
1570424590
1569970124
1569506978
1569012450
1568586267
1568203797
1567772649
1567309004
1566925834
1566574458
1566164208
1565767527
1565398389
1564984226
1564585351
1564194590
1563827200
1563415973
1563058711
1562673860
1562247391
1561799810
1561444705
1561061976
1560690656
1560281845
1559926605
1559486680
1559050647
1558647416
1558316034
1557893038
1557477290
1557096386
1556653016
1556240089
1555854452
1555416001
1554950550
1554560170
1554142373
1553639510
1553231348
1552768091
1552322345
1551839189
1551392027
1550959322
1550463636
1550028761
1549595482
1549175903
1548737993
1548214438
1547770238
1547311489
1546882421
1546486972
1546125791
1545696736
1545212911
1544686635
1544221269
1543723633
1543264541
1542656483
1542067886
1541611800
1541102027
1540550862
1540000821
1539501063
1540000438
1539500365
1539017618
1538514010
1537989374
1537412561
1536950806
1536398356
1535827410
1535284931
1534780121
1534262593
1533863916
1533427702
1532883492
1532365747
1531861969
1531432236
1531859997
1531431722
1530898207
1530359657
1529998714
1529526311
1529075941
1528528810
1528064409
1527544188
1527020861
1526491225
1525926296
1525338458
1524783130
1524184765
1523567162
1522955222
1522440114
1521789728
1521246810
1520654406
1520106471
1519472861
1518823259
1518181515
1517563199
1516922285
1516296769
1516921527
1516295485
1515684434
1515137044
1514502536
1513779470
1513021538
1512317363
1511686349
1510944249
1510278006
1510943808
1510277612
1509584107
1508900851
1508205358
1507515024
1506914078
1506266164
1505577913
1504910361
1504311072
1503680521
1503003687
1502251531
1501656408
1501108560
1500580358
1500079061
1499560820
1498980296
1498426334
1497923216
1497451310
1496897631
1496347980
1495738821
1495044648
1494474219
1493850700
1493204832
1492625094
1491968536
1491421474
1490871061
1490302249
1489671303
1489083627
1488426515
1487893038
1487222656
1486625502
1486022290
1485534515
1484953806
1484387327
1483825357
1483328155
1482668991
1482064399
1481443585
1480890249
1480207129
1479629448
1479062297
1478333493
1477809121
1477272183
1476716360
1476215889
1475581376
1474888874
1475573220
1474887146
1474323075
1473781539
1473151141
1472547832
1472071656
1471507460
1471059150
1470618662
1470093828
1469606293
1469012060
1468400997
1467936617
1467407777
1466881963
1466351198
1465794496
1465254248
1464662095
1464031708
1463476299
1462936054
1462374796
1461856689
1461175103
1460523456
1459943732
1459385284
1458795741
1458094221
1457378287
1456776585
1456183482
1455644713
1455086909
1454551975
1453971950
1453388564
1452880381
1452430528
1452046632
1451711550
1451217826
1450652521
1450126843
1449639364
1449342141
1449016698
1448737044
1448388614
1448068706
1447715624
1447343474
1447016765
1446699006
1446439746
1446106329
1445775740
1445465444
1445160411
1444800571
1444496276
1444173122
1443909153
1443628095
1443318922
1443011571
1442786571
1442657125
1442302520
1441951459
1441597392
1441240276
1440947705
1440651244
1440369072
1440084994
1439773269
1439490036
1439180668
1438860921
1438577682
1438306753
1438013744
1437706513
1437460845
1437184540
1436867364
1436630989
1436309095
1435976711
1435665179
1435343169
1434957290
1434557277
1434159495
1433818288
1433395803
1433028122
1432702202
1432383786
1431991655
1431647041
1431290722
1430937337
1430693968
1430446112
1430074368
1429665408
1429297913
1428888434
1428528895
1428134871
1427710498
1427312816
1426942114
1426533758
1426126578
1425761969
1425348542
1424963953
1424627545
1424299470
1423951308
1423560837
1423206688
1422820807
1422481693
1422150921
1421812681
1421457115
1421108380
1420747358
1420411966
1420074233
1419322120
1418594249
1417898877
1417164060
1416332552
1415639045
1414791701
1413944790
1413056601
1412178009
1411379437
1411013195
1410986128
1410303337
1409162540
1408117115
1407069933
1406137750
1405339376
1404437647
1403442544
1402426469
1401216961
1400041258
1398938532
1397939975
1396636928
1395524054
1394384622
1393349016
1392578066
1391616212
1390456035
1389495505
1388733385
1356004281
1354945952
1353853925
1352663554
1351258629
1349812341
1348385167
1347158658
1345999259
1344537671
1343320131
1342036202
1340420283
1338642184
1336834247
1335050584
1332841835
1330184658
1327516313
1324337339
1319861976
1312072850
1296490688
